BPM:120.00
OFFSET:-0.00
DEMOSTART:39.226

COURSE:3
LEVEL:9
BALLOON:

#START
#BPMCHANGE 120.000000
#MEASURE 4/4
1010201111102000,
11211011,
1110101111102010,
1010211010101000,
1010201111102010,
10111120,
1110200010002000,
1110200010002000,
1010201011112000,
1010201011112000,
1010201011112000,
1010201011112000,
1000201011112010,
1010201011112010,
1010201011112000,
11211020,
1111200010002000,
1111200010002000,
1111200010002000,
1111200010102010,
1000111120001000,
1111200010001111,
2000101020001111,
2121,
30112111,
21105000,
8011102010111020,
1011102030101000,
21103110,
21103010,
3000111120101010,
1111201010101111,
6,
81111110,
1111201011112010,
31500081,
3000101011112030,
1010111111101000,
1011101011102010,
31111111,
2000111120001111,
2000101010001111,
2010111120101111,
2010101011101010,
2010101020101110,
2010111010001000,
31211120,
3111111140000000,
#END
